 59.76
 80.11
 78.37
  8.61
 24.23
 99.55
 61.50
 12.97
  1.48
 49.96
 42.44
 77.88
 15.47
 14.80
 50.93
 66.13
 80.73
  0.44
 54.48
  2.76
 18.18
 62.26
 94.74
 36.41
 26.08
 85.60
 16.24
 30.24
 27.94
 38.68
 77.56
 86.82
 84.25
 24.32
 20.29
 53.96
 86.15
 57.82
 72.78
 41.99
 45.54
 89.64
 82.31
  6.61
 58.40
 72.91
  1.85
 16.35
 45.94
 48.54
  6.00
 28.41
 71.69
 83.44
 74.01
 42.90
 91.54
 51.06
 57.57
 91.65
 18.74
 87.66
 45.96
 44.83
 75.97
 92.68
 51.64
 86.41
 62.56
 66.92
 65.87
 17.77
 86.70
 98.56
 75.70
 97.48
 99.49
 13.43
 91.19
 15.24
 20.63
  3.79
  4.94
 27.65
 63.94
 37.51
 94.73
 54.75
 54.99
 28.14
 84.42
 47.34
 82.99
 15.93
 98.45
 87.29
 44.00
 69.37
 80.62
 75.80
 14.11
 67.42
 99.46
 97.65
 37.14
 63.87
 29.17
 23.72
 24.16
 66.79
 77.57
 28.23
 39.67
 88.43
 30.92
 52.66
 92.83
 34.09
 98.97
 43.93
 61.14
  1.93
 73.08
 30.97
 48.88
 59.87
 55.42
 80.60
 22.56
 50.90
 77.55
 91.72
 72.17
 53.16
  3.43
 44.74
 17.91
 87.71
  3.31
 22.32
 19.90
 23.31
 92.87
 56.96
 50.81
 75.13
 54.86
 41.18
 60.04
 32.08
 99.45
 56.81
 91.90
 76.29
 73.66
 41.38
 20.37
 77.31
  0.58
 11.55
 27.75
 53.64
 14.45
  6.40
 86.19
 94.49
 59.00
 96.40
 96.92
 25.97
 33.57
 28.09
  4.92
 87.56
  3.64
 38.93
 33.94
 57.07
 41.02
 81.85
 80.87
 25.27
 22.21
 45.10
 66.91
 75.10
 93.40
 39.14
 68.31
 64.42
  4.96
 49.54
 39.31
 46.31
 29.58
 22.46
 96.04
 86.31
  3.96
 57.67
 51.90
 52.07
 76.07
 32.78
 81.73
 57.77
 97.57
 72.23
 45.32
 42.90
 74.03
  4.50
 19.14
 52.99
 74.31
 21.79
 69.00
 68.52
  4.99
 68.16
 46.54
 97.60
 75.74
 33.78
  7.31
  7.54
 16.99
 25.80
 29.43
 21.30
 62.78
 19.75
 58.43
 45.75
 78.38
 69.11
 15.77
 30.26
 94.86
 65.27
 86.79
 76.84
 11.00
 95.54
 47.00
 35.77
 36.44
 42.15
 94.71
 24.30
 79.84
  2.29
 33.01
  0.41
 30.25
 85.54
 83.94
  8.34
 41.06
 63.40
 24.21
 88.01
  1.83
  3.47
  2.88
  6.80
 75.33
 19.91
 39.02
 28.77
 84.69
 11.46
  0.07
 83.62
 58.49
 38.24
 29.85
 35.98
 80.68
  9.66
 29.77
 83.98
 46.41
 16.84
 95.87
 35.42
 94.87
 45.29
 80.23
 19.69
 76.08
 46.17
 75.77
 94.01
  9.54
 27.69
 20.43
 93.86
  9.83
 52.16
 78.62
 58.93
 86.62
 88.89
 85.92
 38.55
 74.64
 78.11
 36.17
 43.46
 13.13
  6.97
 49.56
 64.23
 73.49
 85.22
 84.64
 21.12
 28.96
 34.95
 47.77
 44.98
 70.78
 76.78
  9.39
 14.09
  1.59
  2.82
 58.06
 88.19
 78.64
 76.08
 10.47
 87.57
 37.02
 85.12
 48.45
 62.51
 96.15
 13.18
 72.38
 86.18
 41.56
 51.84
 44.64
 83.07
 78.50
  0.50
 46.26
 73.82
 73.76
 45.11
 85.48
 77.59
 37.88
  2.48
 77.62
 63.32
 51.06
 49.25
 62.52
 82.40
  3.17
 29.24
 37.83
 47.21
  0.52
 46.80
 64.31
 42.00
 90.40
  9.38
 42.73
 65.88
 68.17
 78.15
 71.20
 11.17
 60.82
 21.98
 66.25
 74.54
 26.37
 47.19
 71.31
 83.39
 68.64
 92.94
 82.60
 95.25
 43.63
 40.79
 93.33
 94.27
 25.31
 85.59
 94.99
 65.35
  6.38
 54.43
 76.96
 74.12
 32.44
 40.84
 34.13
 18.71
  7.16
 41.78
 26.59
 48.11
 60.05
 46.82
 34.77
 60.92
 38.61
 30.68
 19.02
  8.23
 72.42
 43.09
 23.49
 25.04
 57.73
 73.17
 60.77
  5.50
 28.22
 89.58
 75.82
 18.97
  9.98
 22.04
 15.88
 36.63
  7.07
 55.24
 26.05
  0.87
 27.50
 51.64
 49.77
 23.65
 39.33
  6.54
 37.82
 44.08
 41.00
 65.34
 59.89
 10.51
 41.23
  0.94
 68.78
 77.62
 69.76
 57.46
 88.85
 25.46
 82.11
 15.25
 87.41
 13.82
 79.22
 21.93
 40.83
 82.94
 35.89
 64.12
 25.34
 99.28
 20.55
 25.58
 46.81
 23.97
 93.66
 88.69
 73.26
 50.55
 91.66
 88.41
 49.46
 18.67
 39.28
 20.42
 53.67
 60.80
 84.21
 38.53
  3.33
 79.99
 15.05
 50.28
 28.70
 88.91
  5.92
 34.33
 11.08
 62.15
 29.35
 58.25
 26.15
 67.20
 92.73
 71.37
 41.38
 42.99
 83.16
 83.36
 91.97
 89.13
 50.24
 16.80
 99.28
 13.73
 17.52
 39.20
  2.42
 63.43
 88.89
 38.54
 44.68
 25.16
  8.82
  5.09
 94.04
 45.85
 42.29
 22.13
 79.65
 64.06
 63.80
 47.93
 94.72
 84.88
 83.26
 92.66
 50.26
 58.63
 91.40
 54.82
 63.97
 42.83
 76.86
 84.33
 33.66
 36.76
 53.20
 81.54
 75.76
 78.58
 35.05
 25.34
  6.09
 86.02
 19.61
 46.93
  1.89
  3.25
 62.32
 30.62
 12.55
 89.18
 83.53
 28.33
 79.31
 45.20
  6.75
 19.90
 83.78
 34.04
  8.69
 38.06
 69.52
 85.73
 55.99
  3.89
 71.36
 21.46
 14.43
 86.09
 43.20
 51.62
 42.61
  6.00
 96.42
 20.40
 23.92
 58.92
 48.33
 76.11
 48.23
 12.13
 32.99
 43.76
 27.84
 69.81
 45.03
 64.33
 20.94
 66.34
 71.37
 43.90
 40.40
 60.39
 15.22
 24.86
 45.44
 54.71
 32.38
 51.66
 49.70
 58.78
 80.41
 53.42
 30.29
 45.19
 28.25
  7.66
 89.30
 24.21
 85.77
 80.25
  1.87
 75.79
 90.69
 59.81
 83.07
 33.29
 33.72
 17.37
 19.36
  8.97
 11.97
 25.69
 40.24
 88.02
 75.14
 67.16
 50.24
 94.51
 69.67
 43.80
  2.48
 50.60
 91.58
 78.46
 70.83
  8.70
 30.81
 62.47
 70.18
 34.97
 26.49
 61.67
 81.19
 62.23
 56.03
 40.14
 59.68
 10.53
 48.78
 98.97
 48.98
 94.48
 49.60
 55.95
 68.54
 97.65
 56.95
 11.29
 21.59
 96.72
 25.88
 54.53
 50.71
 60.42
 56.83
 68.00
 71.12
 31.86
 88.00
 73.57
 28.65
 26.56
 71.28
 50.95
 61.62
 43.26
 39.35
 28.32
 94.26
 89.53
 65.08
  9.02
 52.91
 70.21
 73.80
 51.57
 75.60
 73.03
 92.99
 64.60
 80.75
 12.72
 15.11
 13.14
 71.40
 62.91
  4.48
 58.19
 77.42
 13.02
  1.37
 67.53
 80.29
 36.54
 63.09
 42.64
 22.50
 46.59
 35.16
  3.76
 76.62
 44.77
 63.79
 63.25
 38.09
 40.12
 45.12
 96.03
  9.97
 26.56
 56.42
 84.97
 68.02
 59.00
 29.59
 79.15
 30.18
 61.25
  8.50
 53.25
  5.49
 31.97
 78.10
 97.56
 64.94
 88.79
 65.56
 99.70
 58.55
  5.57
 91.40
  1.71
  1.82
 52.64
 92.24
 28.89
 67.92
 45.74
 45.63
 90.67
 51.73
 45.87
  2.31
 47.72
 16.63
 29.40
 71.50
 24.78
 95.79
 65.08
 10.83
 23.61
 95.81
 93.45
 44.03
 57.23
 42.50
  2.58
 66.72
 82.82
 16.24
 33.83
  3.66
 58.26
 47.21
 31.70
 48.83
 85.34
 79.98
 72.10
 54.40
 30.99
 70.83
 65.40
 33.77
 37.55
 51.66
 32.30
  9.66
 42.51
 79.72
 93.23
 68.76
 29.03
 93.72
 95.58
 81.56
 19.28
 13.78
 26.66
  7.55
  4.86
 55.25
 25.05
 34.41
 80.40
 74.52
  8.03
 92.83
  9.77
 28.69
 78.74
 47.96
  7.91
 10.35
 62.99
 93.07
 65.35
 13.99
 52.85
 61.26
 77.58
  0.70
  1.62
 27.28
 66.76
 54.63
 23.28
 92.74
 99.35
 66.22
 98.35
 35.61
 10.25
 34.89
 77.64
 57.27
 40.99
 56.88
  5.60
 79.28
 87.80
 52.96
 55.64
 25.84
 34.01
 94.83
 81.44
 77.71
 10.16
  9.21
 40.15
 98.65
 85.50
 74.25
 36.08
 16.44
 44.69
 74.15
 66.81
 87.20
 44.79
 44.78
 27.59
 83.65
 79.37
 25.52
 44.45
 26.22
 98.82
 30.86
 61.55
 18.85
 49.13
 68.93
  4.16
 61.01
 94.83
 63.57
 75.10
 81.59
 86.04
 81.56
 19.46
 81.00
 14.57
 27.27
 10.16
 73.74
 79.49
 43.33
 65.15
 95.13
 48.42
 47.67
  6.04
 73.23
 57.93
 44.97
  7.45
 69.84
 43.60
 73.55
 66.54
 62.70
 28.18
 87.57
 43.03
 75.41
 25.14
 28.90
 81.48
 61.09
 33.97
 12.83
 29.43
 11.13
 13.44
 37.56
  7.97
 91.47
 19.76
 28.76
 74.50
  5.30
 87.26
 47.18
 41.19
 43.32
 11.40
 19.99
 77.51
 10.59
 66.02
  4.60
 30.09
 12.34
 49.75
 57.41
 39.29
 40.39
 10.19
 59.52
 17.80
 26.17
 38.74
 46.31
 84.27
 17.16
 63.57
 98.38
 12.02
 89.09
 94.14
 77.80
 61.73
 28.06
 86.34
 35.47
 15.40
  3.93
  4.37
 72.65
 19.01
  8.96
 52.72
 13.27
 70.93
 54.51
 39.64
 32.19
 64.24
  2.25
 11.99
 88.78
  2.58
 56.54
 70.86
 35.71
 61.00
 59.31
 36.80
  7.99
 56.07
 10.55
 84.52
 48.76
 22.81
